1000010000100002000010000711
0100001000111000200001000141
0110001000010001100000000120
1110001000111000000000000230
1110001110000000000000000420
0010011110010000000000000210
0001011220000100000000000722
1100001000110000000000000120
0100012000120000100000000742
0100012100111000100000000531
1001012110000000000000000151
0100011000000000000000000130
1000010000200001000000000331
0100001000120000100000000341
0010022200110000000000000863
0100012200010000000000000542
0011022210000000000000000A53
0110022000011000000000000362
2100002100002000000000000A43
1100002000020000100000000A32
1100022000000000000000000652
0010012200001000000000000552
0100002000210000000000000462
0110011100000000000000000220
0011012100000000000000000231
0100011000000000000000000310
0100011100000000000000000220
0100012100010000100000000031
0100022000200000000000000763
0100012000100000000000000321
1000010000100000000000000220
0100001000210000000000000421
1000010000000000000000000210
